4294967278,32
4294967278,354
4294967279,508
4294967279,392
4294967278,374
4294967279,389
4294967279,507
4294967278,12
4294967279,447
4294967279,420
4294967279,253
4294967278,18
4294967278,288
4294967279,505
4294967279,248
4294967279,246
4294967279,244
4294967279,242
4294967279,236
4294967279,232
4294967279,228
4294967279,476
4294967279,224
4294967279,222
4294967278,11
1900,4
1904,4
4294967279,419
4294967278,382
4294967279,494
4294967279,212
4294967278,10
4294967278,9
4294967278,201
4294967278,356
4294967279,199
4294967278,7
4294967278,447
4294967278,381
4294967278,286
4294967279,469
4294967279,138
4294967278,338
4294967279,128
4294967278,434
4294967279,457
4294967278,327
4294967278,344
4294967279,231
4294967278,420
4294967279,126
4294967279,125
4294967279,123
4294967278,300
4294967279,164
4294967278,162
4294967278,231
4294967278,158
4294967278,380
4294967278,155
4294967278,154
4294967278,153
4294967279,153
4294967278,152
4294967278,151
4294967278,379
4294967278,149
4294967278,378
4294967278,292
4294967279,306
4294967278,377
4294967279,462
4294967278,270
4294967279,470
4294967278,251
4294967279,301
4294967278,395
4294967278,376
4294967279,115
4294967279,106
4294967278,310
4294967278,365
4294967279,114
4294967279,493
4294967278,360
4294967278,386
4294967279,112
4294967279,105
4294967279,104
4294967279,96
4294967278,372
4294967278,223
4294967279,496
4294967278,297
4294967278,267
4294967278,247
4294967279,466
4294967279,280
4294967278,213
4294967279,214
4294967279,213
4294967279,103
4294967279,101
4294967279,209
4294967278,273
4294967279,468
4294967278,329
4294967279,428
4294967279,432
4294967279,197
4294967278,181
4294967279,182
4294967279,252
4294967279,410
4294967278,172
4294967279,173
4294967278,171
4294967278,170
4294967279,171
4294967278,169
4294967278,168
4294967278,167
4294967278,166
4294967278,165
4294967279,166
4294967278,164
4294967278,163
4294967279,227
4294967278,160
4294967278,159
4294967278,363
4294967294,472
4294967279,278
1895,4
1894,4
1892,5
1891,5
1890,5
1898,4
4294967294,511
4294967278,58
4294967278,57
4294967278,56
4294967278,55
4294967278,54
4294967278,53
4294967278,51
4294967278,50
4294967278,49
4294967278,48
4294967278,47
4294967278,46
4294967278,45
4294967278,402
4294967278,233
4294967278,42
4294967278,41
4294967278,40
4294967278,39
4294967278,38
4294967278,35
4294967278,34
4294967278,29
4294967278,24
4294967278,23
4294967278,317
4294967278,21
4294967278,20
4294967278,15
4294967279,81
4294967279,79
4294967279,76
4294967279,73
4294967279,72
4294967279,71
4294967279,70
4294967279,69
4294967279,66
4294967279,64
4294967279,61
4294967279,57
4294967279,54
4294967279,51
4294967279,50
4294967279,463
4294967279,43
4294967279,40
4294967279,303
4294967279,35
4294967279,33
4294967279,32
4294967279,31
4294967279,25
4294967279,435
4294967279,23
4294967279,22
4294967279,21
4294967279,20
4294967279,18
4294967279,14
4294967279,13
4294967279,12
4294967279,11
4294967279,10
4294967279,45
4294967278,44
4294967279,44
4294967279,268
4294967278,43
1892,4
4294967294,509
4294967294,12
4294967294,11
4294967294,68
4294967279,152
4294967279,150
4294967279,149
4294967279,148
4294967278,145
4294967278,144
4294967278,143
4294967278,142
4294967278,141
4294967278,140
4294967279,140
4294967279,139
4294967278,138
4294967278,276
4294967278,136
4294967279,133
4294967279,291
4294967278,272
4294967278,271
4294967279,19
4294967279,424
4294967278,371
4294967279,273
4294967278,269
4294967278,268
4294967278,282
4294967278,266
4294967279,269
4294967279,287
4294967279,263
4294967279,262
4294967278,353
4294967278,322
4294967278,393
4294967278,244
4294967278,242
4294967278,346
4294967278,226
4294967278,224
4294967278,222
4294967278,220
4294967278,208
4294967278,207
4294967278,206
4294967279,207
4294967278,205
4294967278,204
4294967278,203
4294967279,85
4294967278,324
4294967279,198
4294967279,196
4294967278,194
4294967279,195
4294967278,193
4294967279,194
4294967278,192
4294967279,193
4294967278,191
4294967279,192
4294967278,190
4294967279,191
4294967278,189
4294967279,190
4294967278,188
4294967279,189
4294967278,187
4294967279,188
4294967278,186
4294967279,187
4294967278,185
4294967278,184
4294967279,185
4294967278,183
4294967279,184
4294967278,182
4294967279,183
4294967278,180
4294967279,181
4294967278,179
4294967279,180
4294967278,178
4294967279,179
4294967278,177
4294967279,178
4294967278,176
4294967279,177
4294967278,175
4294967279,176
4294967278,173
4294967279,175
4294967279,60
4294967278,59
4294967279,172
4294967279,170
4294967279,169
4294967279,168
4294967279,167
4294967278,52
4294967278,326
4294967279,165
4294967279,163
4294967279,162
4294967279,161
4294967279,160
4294967279,159
4294967279,158
4294967279,156
4294967279,155
4294967279,154
4294967294,38
4294967279,151
4294967294,81
4294967294,50
4294967294,90
4294967294,87
4294967294,86
4294967294,84
4294967294,1246
4294967294,1245
4294967294,53
4294967294,393
4294967294,1423
4294967294,9
4294967294,8
4294967278,37
4294967278,217
4294967278,441
4294967279,36
4294967279,401
4294967279,147
4294967294,92
4294967278,370
4294967279,34
4294967279,146
4294967279,145
4294967279,144
4294967279,143
1938,6
1938,5
4294967279,142
1938,4
1938,3
1938,2
1938,1
4294967278,334
4294967279,27
4294967278,390
4294967279,26
4294967279,279
4294967279,437
4294967278,388
4294967279,137
4294967278,132
4294967278,129
4294967278,127
4294967278,126
4294967278,309
4294967278,125
4294967278,124
4294967278,123
4294967278,122
4294967278,121
4294967278,120
4294967278,118
4294967278,115
4294967278,325
4294967278,113
4294967278,112
4294967278,110
4294967278,109
4294967278,104
4294967278,102
4294967278,391
4294967278,101
4294967278,383
4294967278,100
4294967278,99
4294967278,87
4294967278,85
4294967278,84
4294967278,83
4294967278,78
4294967278,76
4294967278,74
4294967278,73
4294967278,72
